10
3 2
1 2 3
3 3
5 20 10
4 3
4 3 2 1
6 4
1 100 2 99 3 98
8 3
15 23 8 42 16 4 108 31
10 7
49 12 3 10 52 16 25 41 30 34
15 10
1000 1 250 37 9999 82 16 500 73 2048 9 91 333 27 64
20 15
5 10 15 20 25 30 35 40 45 50 55 60 65 70 75 80 85 90 95 100
30 29
101 203 307 409 503 601 701 809 907 1009 1103 1201 1301 1409 1511 1601 1709 1801 1901 2003 2111 2203 2309 2411 2503 2609 2707 2801 2903 3001
50 50
1 2 4 8 16 32 64 128 256 512 1024 2048 4096 8192 16384 32768 65536 131072 262144 524288 1000000 999999 777777 555555 333333 111111 42 73 91 108 2567 3491 4820 5632 6789 7001 8123 9345 10567 12000 13579 24680 98765 123456 234567 345678 456789 567890 678901 999999999999